
--------------------------------------------------------
  SURVIVAL PROFILE  --  ALL 
--------------------------------------------------------

 COLS: duration | surv data | surv model | calib target dummy

----------------------------------------------------------
    month |   mean(surv_d)    mean(surv_m)  mean(target~v)
----------+-----------------------------------------------
        1 |              1               1               0
        2 |       .7583362           .7628               1
        3 |       .5895071           .5947               0
        4 |       .4574369           .4733               1
        5 |       .3569992           .3833               0
        6 |       .2933124           .3154               0
        7 |       .2465819           .2627               0
        8 |       .2083434           .2213               1
        9 |       .1781945           .1881               0
       10 |       .1542953           .1612               0
       11 |       .1388542           .1391               0
       12 |       .1202642           .1207               1
       13 |       .1042994           .1053               0
       14 |       .0931398           .0923               0
       15 |       .0810623           .0811               0
       16 |       .0761448           .0716               1
       17 |       .0691268           .0634               0
       18 |       .0628274           .0563               0
       19 |       .0565561           .0501               0
       20 |       .0483442           .0447               1
----------------------------------------------------------


--------------------------------------------------------
 SURVIVAL PROFILE  --  YOUNG 
--------------------------------------------------------

 COLS: duration | surv data | surv model | calib target dummy

----------------------------------------------------------
    month |  mean(survy_d)   mean(survy_m)  mean(target~v)
----------+-----------------------------------------------
        1 |              1               1               0
        2 |       .6974705           .7131               1
        3 |       .5084515           .5195               0
        4 |       .3813537           .3874               1
        5 |       .2860435           .2955               0
        6 |        .223385           .2303               0
        7 |       .1942174           .1826               0
        8 |       .1562624           .1471               1
        9 |       .1271828           .1202               0
       10 |       .1092656           .0992               0
       11 |       .0945926           .0826               0
       12 |       .0731102           .0693               1
       13 |       .0547612           .0586               0
       14 |       .0474456           .0497               0
       15 |       .0410671           .0424               0
       16 |       .0383702           .0363               1
       17 |       .0330017           .0312               0
       18 |       .0309012           .0269               0
       19 |        .024596           .0232               0
       20 |       .0202416             .02               1
----------------------------------------------------------


--------------------------------------------------------
 SURVIVAL PROFILE  --  PRIME 
--------------------------------------------------------

 COLS: duration | surv data | surv model | calib target dummy

----------------------------------------------------------
    month |  mean(survp_d)   mean(survp_m)  mean(target~v)
----------+-----------------------------------------------
        1 |              1               1               0
        2 |        .777229           .7832               1
        3 |       .6134554           .6258               0
        4 |       .4853208           .5088               1
        5 |       .3793379           .4199               0
        6 |        .326125           .3509               0
        7 |       .2698238            .296               0
        8 |       .2341839           .2522               1
        9 |        .203278           .2165               0
       10 |       .1735473           .1871               0
       11 |       .1564127           .1627               0
       12 |       .1376506           .1422               1
       13 |       .1248875           .1249               0
       14 |       .1099044           .1101               0
       15 |       .0970883           .0973               0
       16 |       .0900976           .0863               1
       17 |       .0829988           .0767               0
       18 |       .0739822           .0685               0
       19 |       .0677404           .0612               0
       20 |       .0608661           .0547               1
----------------------------------------------------------

