
--------------------------------------------------------
  SURVIVAL PROFILE  --  ALL 
--------------------------------------------------------

 COLS: duration | surv data | surv model | calib target dummy

----------------------------------------------------------
    month |   mean(surv_d)    mean(surv_m)  mean(target~v)
----------+-----------------------------------------------
        1 |              1               1               0
        2 |       .8362813            .817               1
        3 |       .6913238           .6853               0
        4 |       .5705968           .5832               1
        5 |       .4886726           .5014               0
        6 |       .4251416           .4342               0
        7 |       .3760877           .3784               0
        8 |       .3263155           .3316               1
        9 |       .2959796           .2927               0
       10 |       .2654872           .2592               0
       11 |       .2374073            .231               0
       12 |       .2132707            .206               1
       13 |       .1960249           .1845               0
       14 |       .1796919           .1656               0
       15 |       .1633467            .149               0
       16 |       .1532621           .1345               1
       17 |       .1428881           .1218               0
       18 |       .1339435           .1102               0
       19 |        .126778              .1               0
       20 |        .117186           .0909               1
----------------------------------------------------------


--------------------------------------------------------
 SURVIVAL PROFILE  --  YOUNG 
--------------------------------------------------------

 COLS: duration | surv data | surv model | calib target dummy

----------------------------------------------------------
    month |  mean(survy_d)   mean(survy_m)  mean(target~v)
----------+-----------------------------------------------
        1 |              1               1               0
        2 |       .7968432           .7833               1
        3 |       .6339803           .6358               0
        4 |       .5148152           .5259               1
        5 |         .44775           .4405               0
        6 |       .3807583           .3724               0
        7 |       .3430883           .3173               0
        8 |       .2900806           .2724               1
        9 |       .2612618           .2369               0
       10 |       .2348609           .2056               0
       11 |       .2016481           .1797               0
       12 |       .1720874            .158               1
       13 |       .1489929           .1392               0
       14 |       .1402148           .1229               0
       15 |       .1228529           .1092               0
       16 |        .116126           .0972               1
       17 |       .1025377           .0867               0
       18 |       .0942188           .0771               0
       19 |       .0863442           .0691               0
       20 |       .0803921           .0621               1
----------------------------------------------------------


--------------------------------------------------------
 SURVIVAL PROFILE  --  PRIME 
--------------------------------------------------------

 COLS: duration | surv data | surv model | calib target dummy

----------------------------------------------------------
    month |  mean(survp_d)   mean(survp_m)  mean(target~v)
----------+-----------------------------------------------
        1 |              1               1               0
        2 |       .8534819           .8308               1
        3 |       .7059669           .7059               0
        4 |       .5867791           .6066               1
        5 |       .4893214           .5267               0
        6 |       .4360876           .4604               0
        7 |       .3807075           .4034               0
        8 |       .3348306           .3549               1
        9 |       .3044732           .3151               0
       10 |       .2680955           .2808               0
       11 |        .239743           .2516               0
       12 |       .2161423           .2247               1
       13 |       .2032309            .202               0
       14 |       .1810486           .1819               0
       15 |       .1677227           .1639               0
       16 |       .1569514           .1489               1
       17 |       .1474603           .1352               0
       18 |       .1348611           .1225               0
       19 |       .1257888           .1116               0
       20 |       .1148096           .1016               1
----------------------------------------------------------

