
--------------------------------------------------------
  SURVIVAL PROFILE  --  ALL 
--------------------------------------------------------

 COLS: duration | surv data | surv model | calib target dummy

----------------------------------------------------------
    month |   mean(surv_d)    mean(surv_m)  mean(target~v)
----------+-----------------------------------------------
        1 |              1               1               0
        2 |       .7583362           .7449               1
        3 |       .5895071           .5768               0
        4 |       .4574369           .4601               1
        5 |       .3569992           .3747               0
        6 |       .2933124           .3105               0
        7 |       .2465819           .2605               0
        8 |       .2083434           .2202               1
        9 |       .1781945           .1882               0
       10 |       .1542953           .1624               0
       11 |       .1388542           .1408               0
       12 |       .1202642           .1225               1
       13 |       .1042994           .1072               0
       14 |       .0931398           .0945               0
       15 |       .0810623           .0837               0
       16 |       .0761448           .0739               1
       17 |       .0691268           .0655               0
       18 |       .0628274           .0584               0
       19 |       .0565561           .0521               0
       20 |       .0483442           .0466               1
----------------------------------------------------------


--------------------------------------------------------
 SURVIVAL PROFILE  --  YOUNG 
--------------------------------------------------------

 COLS: duration | surv data | surv model | calib target dummy

----------------------------------------------------------
    month |  mean(survy_d)   mean(survy_m)  mean(target~v)
----------+-----------------------------------------------
        1 |              1               1               0
        2 |       .6974705           .7227               1
        3 |       .5084515           .5349               0
        4 |       .3813537           .4072               1
        5 |       .2860435           .3162               0
        6 |        .223385           .2489               0
        7 |       .1942174           .1983               0
        8 |       .1562624           .1594               1
        9 |       .1271828             .13               0
       10 |       .1092656           .1073               0
       11 |       .0945926           .0887               0
       12 |       .0731102            .074               1
       13 |       .0547612           .0617               0
       14 |       .0474456           .0519               0
       15 |       .0410671           .0438               0
       16 |       .0383702           .0374               1
       17 |       .0330017           .0317               0
       18 |       .0309012            .027               0
       19 |        .024596           .0234               0
       20 |       .0202416           .0199               1
----------------------------------------------------------


--------------------------------------------------------
 SURVIVAL PROFILE  --  PRIME 
--------------------------------------------------------

 COLS: duration | surv data | surv model | calib target dummy

----------------------------------------------------------
    month |  mean(survp_d)   mean(survp_m)  mean(target~v)
----------+-----------------------------------------------
        1 |              1               1               0
        2 |        .777229            .754               1
        3 |       .6134554           .5953               0
        4 |       .4853208           .4839               1
        5 |       .3793379           .4008               0
        6 |        .326125           .3372               0
        7 |       .2698238           .2883               0
        8 |       .2341839           .2468               1
        9 |        .203278           .2129               0
       10 |       .1735473           .1856               0
       11 |       .1564127           .1623               0
       12 |       .1376506           .1425               1
       13 |       .1248875           .1257               0
       14 |       .1099044           .1126               0
       15 |       .0970883            .101               0
       16 |       .0900976             .09               1
       17 |       .0829988           .0804               0
       18 |       .0739822           .0721               0
       19 |       .0677404           .0646               0
       20 |       .0608661           .0582               1
----------------------------------------------------------

