
--------------------------------------------------------
  SURVIVAL PROFILE  --  ALL 
--------------------------------------------------------

 COLS: duration | surv data | surv model | calib target dummy

----------------------------------------------------------
    month |   mean(surv_d)    mean(surv_m)  mean(target~v)
----------+-----------------------------------------------
        1 |              1               1               0
        2 |       .7583362           .7632               1
        3 |       .5895071           .5938               0
        4 |       .4574369           .4712               1
        5 |       .3569992           .3807               0
        6 |       .2933124           .3122               0
        7 |       .2465819           .2594               0
        8 |       .2083434            .218               1
        9 |       .1781945           .1849               0
       10 |       .1542953           .1581               0
       11 |       .1388542            .136               0
       12 |       .1202642           .1178               1
       13 |       .1042994           .1025               0
       14 |       .0931398           .0896               0
       15 |       .0810623           .0787               0
       16 |       .0761448           .0693               1
       17 |       .0691268           .0612               0
       18 |       .0628274           .0542               0
       19 |       .0565561           .0481               0
       20 |       .0483442           .0428               1
----------------------------------------------------------


--------------------------------------------------------
 SURVIVAL PROFILE  --  YOUNG 
--------------------------------------------------------

 COLS: duration | surv data | surv model | calib target dummy

----------------------------------------------------------
    month |  mean(survy_d)   mean(survy_m)  mean(target~v)
----------+-----------------------------------------------
        1 |              1               1               0
        2 |       .6974705            .709               1
        3 |       .5084515           .5135               0
        4 |       .3813537            .381               1
        5 |       .2860435           .2892               0
        6 |        .223385            .224               0
        7 |       .1942174           .1768               0
        8 |       .1562624           .1415               1
        9 |       .1271828           .1148               0
       10 |       .1092656           .0941               0
       11 |       .0945926           .0777               0
       12 |       .0731102           .0648               1
       13 |       .0547612           .0543               0
       14 |       .0474456           .0457               0
       15 |       .0410671           .0388               0
       16 |       .0383702           .0329               1
       17 |       .0330017           .0281               0
       18 |       .0309012           .0241               0
       19 |        .024596           .0206               0
       20 |       .0202416           .0177               1
----------------------------------------------------------


--------------------------------------------------------
 SURVIVAL PROFILE  --  PRIME 
--------------------------------------------------------

 COLS: duration | surv data | surv model | calib target dummy

----------------------------------------------------------
    month |  mean(survp_d)   mean(survp_m)  mean(target~v)
----------+-----------------------------------------------
        1 |              1               1               0
        2 |        .777229           .7858               1
        3 |       .6134554           .6273               0
        4 |       .4853208           .5089               1
        5 |       .3793379           .4189               0
        6 |        .326125           .3489               0
        7 |       .2698238           .2937               0
        8 |       .2341839           .2497               1
        9 |        .203278           .2139               0
       10 |       .1735473           .1845               0
       11 |       .1564127             .16               0
       12 |       .1376506           .1395               1
       13 |       .1248875           .1222               0
       14 |       .1099044           .1075               0
       15 |       .0970883           .0948               0
       16 |       .0900976           .0838               1
       17 |       .0829988           .0744               0
       18 |       .0739822           .0663               0
       19 |       .0677404            .059               0
       20 |       .0608661           .0526               1
----------------------------------------------------------

