
--------------------------------------------------------
  SURVIVAL PROFILE  --  ALL 
--------------------------------------------------------

 COLS: duration | surv data | surv model | calib target dummy

----------------------------------------------------------
    month |   mean(surv_d)    mean(surv_m)  mean(target~v)
----------+-----------------------------------------------
        1 |              1               1               0
        2 |       .7583362           .7199               1
        3 |       .5895071           .5419               0
        4 |       .4574369           .4225               1
        5 |       .3569992           .3397               0
        6 |       .2933124           .2791               0
        7 |       .2465819           .2338               0
        8 |       .2083434           .1982               1
        9 |       .1781945             .17               0
       10 |       .1542953           .1466               0
       11 |       .1388542           .1273               0
       12 |       .1202642           .1111               1
       13 |       .1042994           .0972               0
       14 |       .0931398           .0852               0
       15 |       .0810623           .0749               0
       16 |       .0761448            .066               1
       17 |       .0691268           .0582               0
       18 |       .0628274           .0514               0
       19 |       .0565561           .0454               0
       20 |       .0483442           .0404               1
----------------------------------------------------------


--------------------------------------------------------
 SURVIVAL PROFILE  --  YOUNG 
--------------------------------------------------------

 COLS: duration | surv data | surv model | calib target dummy

----------------------------------------------------------
    month |  mean(survy_d)   mean(survy_m)  mean(target~v)
----------+-----------------------------------------------
        1 |              1               1               0
        2 |       .6974705           .6642               1
        3 |       .5084515           .4578               0
        4 |       .3813537           .3275               1
        5 |       .2860435           .2441               0
        6 |        .223385           .1879               0
        7 |       .1942174           .1496               0
        8 |       .1562624           .1212               1
        9 |       .1271828           .1004               0
       10 |       .1092656           .0846               0
       11 |       .0945926           .0719               0
       12 |       .0731102            .062               1
       13 |       .0547612           .0536               0
       14 |       .0474456           .0466               0
       15 |       .0410671           .0408               0
       16 |       .0383702           .0358               1
       17 |       .0330017           .0315               0
       18 |       .0309012           .0278               0
       19 |        .024596           .0246               0
       20 |       .0202416           .0219               1
----------------------------------------------------------


--------------------------------------------------------
 SURVIVAL PROFILE  --  PRIME 
--------------------------------------------------------

 COLS: duration | surv data | surv model | calib target dummy

----------------------------------------------------------
    month |  mean(survp_d)   mean(survp_m)  mean(target~v)
----------+-----------------------------------------------
        1 |              1               1               0
        2 |        .777229           .7441               1
        3 |       .6134554           .5779               0
        4 |       .4853208            .463               1
        5 |       .3793379           .3802               0
        6 |        .326125           .3174               0
        7 |       .2698238           .2687               0
        8 |       .2341839           .2305               1
        9 |        .203278           .1989               0
       10 |       .1735473           .1724               0
       11 |       .1564127             .15               0
       12 |       .1376506           .1311               1
       13 |       .1248875           .1149               0
       14 |       .1099044           .1006               0
       15 |       .0970883           .0888               0
       16 |       .0900976           .0784               1
       17 |       .0829988           .0695               0
       18 |       .0739822           .0615               0
       19 |       .0677404           .0544               0
       20 |       .0608661           .0482               1
----------------------------------------------------------

