
--------------------------------------------------------
  SURVIVAL PROFILE  --  ALL 
--------------------------------------------------------

 COLS: duration | surv data | surv model | calib target dummy

----------------------------------------------------------
    month |   mean(surv_d)    mean(surv_m)  mean(target~v)
----------+-----------------------------------------------
        1 |              1               1               0
        2 |       .7583362           .7152               1
        3 |       .5895071           .5419               0
        4 |       .4574369           .4278               1
        5 |       .3569992            .349               0
        6 |       .2933124           .2909               0
        7 |       .2465819           .2468               0
        8 |       .2083434           .2118               1
        9 |       .1781945           .1832               0
       10 |       .1542953           .1597               0
       11 |       .1388542           .1399               0
       12 |       .1202642           .1232               1
       13 |       .1042994           .1091               0
       14 |       .0931398           .0967               0
       15 |       .0810623            .086               0
       16 |       .0761448           .0767               1
       17 |       .0691268           .0685               0
       18 |       .0628274           .0613               0
       19 |       .0565561           .0549               0
       20 |       .0483442           .0492               1
----------------------------------------------------------


--------------------------------------------------------
 SURVIVAL PROFILE  --  YOUNG 
--------------------------------------------------------

 COLS: duration | surv data | surv model | calib target dummy

----------------------------------------------------------
    month |  mean(survy_d)   mean(survy_m)  mean(target~v)
----------+-----------------------------------------------
        1 |              1               1               0
        2 |       .6974705            .701               1
        3 |       .5084515           .5215               0
        4 |       .3813537           .4062               1
        5 |       .2860435           .3289               0
        6 |        .223385           .2738               0
        7 |       .1942174           .2329               0
        8 |       .1562624           .2009               1
        9 |       .1271828           .1751               0
       10 |       .1092656           .1541               0
       11 |       .0945926           .1362               0
       12 |       .0731102           .1212               1
       13 |       .0547612           .1086               0
       14 |       .0474456           .0978               0
       15 |       .0410671           .0885               0
       16 |       .0383702           .0802               1
       17 |       .0330017           .0729               0
       18 |       .0309012            .066               0
       19 |        .024596           .0604               0
       20 |       .0202416            .055               1
----------------------------------------------------------


--------------------------------------------------------
 SURVIVAL PROFILE  --  PRIME 
--------------------------------------------------------

 COLS: duration | surv data | surv model | calib target dummy

----------------------------------------------------------
    month |  mean(survp_d)   mean(survp_m)  mean(target~v)
----------+-----------------------------------------------
        1 |              1               1               0
        2 |        .777229             .72               1
        3 |       .6134554            .549               0
        4 |       .4853208           .4347               1
        5 |       .3793379           .3554               0
        6 |        .326125           .2968               0
        7 |       .2698238           .2517               0
        8 |       .2341839           .2158               1
        9 |        .203278           .1861               0
       10 |       .1735473           .1623               0
       11 |       .1564127           .1417               0
       12 |       .1376506           .1244               1
       13 |       .1248875             .11               0
       14 |       .1099044           .0973               0
       15 |       .0970883           .0863               0
       16 |       .0900976           .0768               1
       17 |       .0829988           .0682               0
       18 |       .0739822           .0607               0
       19 |       .0677404           .0541               0
       20 |       .0608661           .0483               1
----------------------------------------------------------

